; Labels of mutations
a b c d e f g h i j k l m n 
; Reads 
1 1 1 ? 0 0 0 1 1 1 ? 0 0 0
1 0 0 0 1 0 0 1 0 0 0 1 0 0
0 1 0 1 ? 1 0 1 0 0 0 ? 0 1 
1 0 0 0 ? 0 1 0 1 0 1 ? 1 0
1 1 1 1 1 0 1 1 1 ? 0 0 0 1
1 0 0 0 1 0 0 1 0 0 1 1 0 0
0 1 0 1 1 1 0 1 0 1 0 ? 0 1 
1 0 0 1 1 0 1 0 1 0 1 ? 1 0
1 1 1 0 1 0 0 1 0 1 ? 0 0 0
1 0 0 0 1 0 0 1 0 1 0 1 0 0
0 1 0 1 0 1 0 1 0 0 0 ? 0 1 
1 0 0 1 1 0 1 0 1 0 1 0 1 0
1 0 1 0 0 0 0 1 1 1 ? 0 0 0
1 0 0 1 1 0 0 1 0 1 0 1 0 0
0 1 0 1 ? 1 0 1 0 1 1 1 0 1 
0 0 0 0 1 0 1 0 1 0 1 0 1 0
1 1 0 0 0 0 0 1 1 1 ? 0 0 0
1 0 0 0 1 0 0 1 0 1 0 1 0 0
0 1 0 1 ? 1 0 0 0 0 1 1 0 1 
1 0 1 1 0 0 1 0 1 0 1 ? 1 0
// Over!
